 -0.140199124377132E+01
 -0.140199124377119E+01
 -0.109538573813543E+01
 -0.109538573813518E+01
 -0.792927887273427E+00
 -0.792927887273053E+00
 -0.494906521855616E+00
 -0.494906521855459E+00
 -0.201666002704528E+00
 -0.201666002704253E+00
  0.863734234865906E-01
  0.863734234960582E-01
  0.368687350353344E+00
  0.368687350756922E+00
  0.644608636381298E+00
  0.644608650091716E+00
  0.913268974320064E+00
  0.913269348918445E+00
  0.117348749235534E+01
  0.117349572782105E+01
  0.142347189346194E+01
  0.142361600092915E+01
  0.165946404717682E+01
  0.166140453144928E+01
  0.186860830195933E+01
  0.188627179465969E+01
  0.203685220090558E+01
  0.210645341242896E+01
  0.222693503196339E+01
  0.233728867424860E+01
